# name: debug
# type: sparse matrix
# nnz: 4147
# rows: 595
# columns: 595

1 1 0.040951804
2 1 -0.000382426
3 1 0.002056192
4 1 0.000356232
5 1 -0.001722694
6 1 -0.001217102
8 1 -0.000025424
9 1 -0.000553351
10 1 -0.000153676
11 1 0.000035432
12 1 0.000586319
13 1 0.000120652
14 1 0.000105103
15 1 0.000316693
16 1 -0.000127405
17 1 -0.000095095
18 1 -0.000283724
19 1 0.000094381
20 1 0.000058047
21 1 -0.000112765
22 1 -0.000015864
23 1 -0.000043221
24 1 0.000117768
25 1 -0.000031241
26 1 -0.000119888
27 1 -0.001393392
28 1 -0.000494964
29 1 0.000161457
30 1 0.001429164
31 1 0.000361984
32 1 0.000043000
33 1 0.000451744
34 1 0.000065702
35 1 -0.000016256
36 1 -0.000420975
37 1 -0.000151577
44 1 0.000128967
45 1 0.000063940
46 1 0.000028149
47 1 -0.000121654
48 1 -0.000061745
49 1 -0.000051373
50 1 -0.000013070
51 1 -0.000250581
52 1 -0.000035024
53 1 0.000020383
54 1 0.000252775
55 1 0.000011800
56 1 0.000492636
57 1 0.000269840
58 1 -0.000138001
59 1 -0.000481543
60 1 -0.000208851
61 1 0.000100383
62 1 -0.000313140
63 1 -0.000514821
64 1 -0.000346017
65 1 0.000324233
66 1 0.000575810
67 1 0.000308398
1 2 -0.000382426
2 2 0.035916731
3 2 0.000138960
4 2 0.000055081
5 2 0.000048776
6 2 0.000124366
8 2 0.000002539
9 2 0.000055270
10 2 0.000015349
11 2 -0.000003539
12 2 -0.000058563
13 2 -0.000012051
14 2 -0.000010498
15 2 -0.000031632
16 2 0.000012725
17 2 0.000009498
18 2 0.000028339
19 2 -0.000009427
20 2 0.000001026
21 2 -0.000001993
22 2 -0.000000280
23 2 -0.000000764
24 2 0.000002082
25 2 -0.000000552
26 2 0.000019805
27 2 0.000187591
28 2 0.000073303
29 2 -0.000024112
30 2 -0.000192759
31 2 -0.000059465
32 2 -0.000007346
33 2 -0.000077172
34 2 -0.000011224
35 2 0.000002777
36 2 0.000071916
37 2 0.000025894
44 2 0.000070937
45 2 0.000035169
46 2 0.000015483
47 2 -0.000066915
48 2 -0.000033962
49 2 -0.000028257
50 2 -0.000007189
51 2 -0.000137829
52 2 -0.000019265
53 2 0.000011211
54 2 0.000139036
55 2 0.000006490
56 2 -0.000038956
57 2 -0.000021338
58 2 0.000010913
59 2 0.000038079
60 2 0.000016515
61 2 -0.000007938
62 2 0.000024762
63 2 0.000040710
64 2 0.000027362
65 2 -0.000025639
66 2 -0.000045533
67 2 -0.000024387
1 3 0.002056192
2 3 0.000138960
3 3 0.037325925
4 3 0.000352288
5 3 -0.000863630
6 3 -0.000405007
8 3 -0.000009345
9 3 -0.000203394
10 3 -0.000056486
11 3 0.000013024
12 3 0.000215512
13 3 0.000044348
14 3 0.000038632
15 3 0.000116406
16 3 -0.000046830
17 3 -0.000034954
18 3 -0.000104288
19 3 0.000034691
20 3 0.000036674
21 3 -0.000071246
22 3 -0.000010023
23 3 -0.000027308
24 3 0.000074407
25 3 -0.000019738
26 3 -0.000015434
27 3 -0.000296545
28 3 -0.000087000
29 3 0.000027829
30 3 0.000303190
31 3 0.000047515
32 3 0.000004869
33 3 0.000051150
34 3 0.000007439
35 3 -0.000001841
36 3 -0.000047666
37 3 -0.000017163
44 3 0.000248305
45 3 0.000123105
46 3 0.000054195
47 3 -0.000234225
48 3 -0.000118880
49 3 -0.000098910
50 3 -0.000025163
51 3 -0.000482450
52 3 -0.000067433
53 3 0.000039243
54 3 0.000486676
55 3 0.000022719
56 3 0.000202410
57 3 0.000110869
58 3 -0.000056701
59 3 -0.000197852
60 3 -0.000085811
61 3 0.000041244
62 3 -0.000128660
63 3 -0.000211525
64 3 -0.000142168
65 3 0.000133218
66 3 0.000236583
67 3 0.000126712
1 4 0.000356232
2 4 0.000055081
3 4 0.000352288
4 4 0.035864195
5 4 -0.000143190
6 4 -0.000073711
8 4 -0.000002006
9 4 -0.000043659
10 4 -0.000012125
11 4 0.000002796
12 4 0.000046261
13 4 0.000009519
14 4 0.000008293
15 4 0.000024987
16 4 -0.000010052
17 4 -0.000007503
18 4 -0.000022386
19 4 0.000007447
20 4 0.000005035
21 4 -0.000009781
22 4 -0.000001376
23 4 -0.000003749
24 4 0.000010215
25 4 -0.000002710
26 4 0.000004491
27 4 0.000023268
28 4 0.000012793
29 4 -0.000004309
30 4 -0.000024104
31 4 -0.000013333
32 4 -0.000001775
33 4 -0.000018651
34 4 -0.000002713
35 4 0.000000671
36 4 0.000017380
37 4 0.000006258
44 4 0.000062571
45 4 0.000031022
46 4 0.000013657
47 4 -0.000059023
48 4 -0.000029957
49 4 -0.000024925
50 4 -0.000006341
51 4 -0.000121575
52 4 -0.000016993
53 4 0.000009889
54 4 0.000122640
55 4 0.000005725
56 4 0.000057915
57 4 0.000031723
58 4 -0.000016224
59 4 -0.000056611
60 4 -0.000024553
61 4 0.000011801
62 4 -0.000036813
63 4 -0.000060523
64 4 -0.000040678
65 4 0.000038117
66 4 0.000067693
67 4 0.000036256
1 5 -0.001722694
2 5 0.000048776
3 5 -0.000863630
4 5 -0.000143190
5 5 0.036499734
6 5 0.000334977
8 5 0.000005958
9 5 0.000129676
10 5 0.000036013
11 5 -0.000008303
12 5 -0.000137402
13 5 -0.000028274
14 5 -0.000024630
15 5 -0.000074216
16 5 0.000029857
17 5 0.000022285
18 5 0.000066490
19 5 -0.000022118
20 5 -0.000035164
21 5 0.000068312
22 5 0.000009611
23 5 0.000026183
24 5 -0.000071343
25 5 0.000018925
26 5 0.000046324
27 5 0.000589501
28 5 0.000201406
29 5 -0.000065459
30 5 -0.000604212
31 5 -0.000140269
32 5 -0.000016324
33 5 -0.000171498
34 5 -0.000024943
35 5 0.000006171
36 5 0.000159817
37 5 0.000057544
44 5 -0.000100765
45 5 -0.000049957
46 5 -0.000021993
47 5 0.000095051
48 5 0.000048243
49 5 0.000040138
50 5 0.000010212
51 5 0.000195783
52 5 0.000027365
53 5 -0.000015925
54 5 -0.000197498
55 5 -0.000009220
56 5 -0.000079043
57 5 -0.000043296
58 5 0.000022142
59 5 0.000077263
60 5 0.000033510
61 5 -0.000016106
62 5 0.000050243
63 5 0.000082603
64 5 0.000055518
65 5 -0.000052023
66 5 -0.000092389
67 5 -0.000049482
1 6 -0.001217102
2 6 0.000124366
3 6 -0.000405007
4 6 -0.000073711
5 6 0.000334977
6 6 0.036090713
8 6 0.000007076
9 6 0.000154017
10 6 0.000042773
11 6 -0.000009862
12 6 -0.000163193
13 6 -0.000033582
14 6 -0.000029254
15 6 -0.000088147
16 6 0.000035461
17 6 0.000026468
18 6 0.000078970
19 6 -0.000026269
20 6 -0.000006985
21 6 0.000013570
22 6 0.000001909
23 6 0.000005201
24 6 -0.000014172
25 6 0.000003759
26 6 0.000024640
27 6 0.000266534
28 6 0.000097784
29 6 -0.000031990
30 6 -0.000273540
31 6 -0.000074241
32 6 -0.000008950
33 6 -0.000094030
34 6 -0.000013676
35 6 0.000003384
36 6 0.000087625
37 6 0.000031550
44 6 -0.000003712
45 6 -0.000001840
46 6 -0.000000810
47 6 0.000003502
48 6 0.000001777
49 6 0.000001479
50 6 0.000000376
51 6 0.000007213
52 6 0.000001008
53 6 -0.000000587
54 6 -0.000007276
55 6 -0.000000340
56 6 -0.000156169
57 6 -0.000085541
58 6 0.000043747
59 6 0.000152652
60 6 0.000066207
61 6 -0.000031822
62 6 0.000099267
63 6 0.000163202
64 6 0.000109690
65 6 -0.000102784
66 6 -0.000182536
67 6 -0.000097764
7 7 46.998787136
8 7 0.000000000
9 7 0.000000000
10 7 0.135418140
11 7 0.000000000
12 7 0.000000000
13 7 0.182546503
14 7 0.000000000
15 7 0.000000000
16 7 0.101351002
17 7 0.000000000
18 7 0.000000000
19 7 0.145800979
20 7 0.000000000
21 7 0.000000000
22 7 0.137476448
23 7 0.000000000
24 7 0.000000000
25 7 0.188017254
26 7 0.000000000
27 7 0.000000000
28 7 0.081494098
29 7 0.000000000
30 7 0.000000000
31 7 0.117554173
32 7 0.000000000
33 7 0.000000000
34 7 0.103595145
35 7 0.000000000
36 7 0.000000000
37 7 0.152127286
38 7 0.000000000
39 7 0.000000000
40 7 0.114548110
41 7 0.000000000
42 7 0.000000000
43 7 0.158454515
44 7 0.000000000
45 7 0.000000000
46 7 0.121684212
47 7 0.000000000
48 7 0.000000000
49 7 0.167614103
50 7 0.000000000
51 7 0.000000000
52 7 0.116050215
53 7 0.000000000
54 7 0.000000000
55 7 0.160901107
56 7 0.000000000
57 7 0.000000000
58 7 0.124460991
59 7 0.000000000
60 7 0.000000000
61 7 0.170333281
62 7 0.000000000
63 7 0.000000000
64 7 0.139891610
65 7 0.000000000
66 7 0.000000000
67 7 0.190182205
68 7 0.000000000
69 7 0.000000000
70 7 0.117848483
71 7 0.000000000
72 7 0.000000000
73 7 0.159969740
74 7 0.000000000
75 7 0.000000000
76 7 0.103397330
77 7 0.000000000
78 7 0.000000000
79 7 0.144912735
80 7 0.000000000
81 7 0.000000000
82 7 0.152464495
83 7 0.000000000
84 7 0.000000000
85 7 0.203430832
86 7 0.000000000
87 7 0.000000000
88 7 0.134002685
89 7 0.000000000
90 7 0.000000000
91 7 0.181902561
92 7 0.000000000
93 7 0.000000000
94 7 0.126594199
95 7 0.000000000
96 7 0.000000000
97 7 0.193537530
98 7 0.000000000
99 7 0.000000000
100 7 0.132047258
101 7 0.000000000
102 7 0.000000000
103 7 0.193481905
104 7 0.000000000
105 7 0.000000000
106 7 0.125461597
107 7 0.000000000
108 7 0.000000000
109 7 0.170828433
110 7 0.000000000
111 7 0.000000000
112 7 0.093143337
113 7 0.000000000
114 7 0.000000000
115 7 0.134114575
116 7 0.000000000
117 7 0.000000000
118 7 0.088178809
119 7 0.000000000
120 7 0.000000000
121 7 0.127120534
122 7 0.000000000
123 7 0.000000000
124 7 0.086835873
125 7 0.000000000
126 7 0.000000000
127 7 0.123651433
128 7 0.000000000
129 7 0.000000000
130 7 0.088341471
131 7 0.000000000
132 7 0.000000000
133 7 0.125553762
134 7 0.000000000
135 7 0.000000000
136 7 0.098717884
137 7 0.000000000
138 7 0.000000000
139 7 0.129246587
140 7 0.000000000
141 7 0.000000000
142 7 0.100711810
143 7 0.000000000
144 7 0.000000000
145 7 0.141779640
146 7 0.000000000
147 7 0.000000000
148 7 0.121427441
149 7 0.000000000
150 7 0.000000000
151 7 0.165730825
152 7 0.000000000
153 7 0.000000000
154 7 0.122484593
155 7 0.000000000
156 7 0.000000000
157 7 0.166681018
158 7 0.000000000
159 7 0.000000000
160 7 0.122851613
161 7 0.000000000
162 7 0.000000000
163 7 0.166234312
164 7 0.000000000
165 7 0.000000000
166 7 0.094731344
167 7 0.000000000
168 7 0.000000000
169 7 0.135626542
170 7 0.000000000
171 7 0.000000000
172 7 0.122124155
173 7 0.000000000
174 7 0.000000000
175 7 0.170156420
176 7 0.000000000
177 7 0.000000000
178 7 0.107142106
179 7 0.000000000
180 7 0.000000000
181 7 0.148998494
182 7 0.000000000
183 7 0.000000000
184 7 0.108037219
185 7 0.000000000
186 7 0.000000000
187 7 0.151572128
188 7 0.000000000
189 7 0.000000000
190 7 0.114754984
191 7 0.000000000
192 7 0.000000000
193 7 0.160080821
194 7 0.000000000
195 7 0.000000000
196 7 0.129043183
197 7 0.000000000
198 7 0.000000000
199 7 0.184929348
200 7 0.000000000
201 7 0.000000000
202 7 0.138072898
203 7 0.000000000
204 7 0.000000000
205 7 0.197905771
206 7 0.000000000
207 7 0.000000000
208 7 0.155411945
209 7 0.000000000
210 7 0.000000000
211 7 0.213073093
212 7 0.000000000
213 7 0.000000000
214 7 0.111293038
215 7 0.000000000
216 7 0.000000000
217 7 0.148215591
218 7 0.000000000
219 7 0.000000000
220 7 0.109136764
221 7 0.000000000
222 7 0.000000000
223 7 0.151852881
224 7 0.000000000
225 7 0.000000000
226 7 0.135181061
227 7 0.000000000
228 7 0.000000000
229 7 0.188334816
230 7 0.000000000
231 7 0.000000000
232 7 0.137217341
233 7 0.000000000
234 7 0.000000000
235 7 0.194155794
236 7 0.000000000
237 7 0.000000000
238 7 0.111618958
239 7 0.000000000
240 7 0.000000000
241 7 0.157168248
242 7 0.000000000
243 7 0.000000000
244 7 0.113409813
245 7 0.000000000
246 7 0.000000000
247 7 0.159462725
248 7 0.000000000
249 7 0.000000000
250 7 0.121835394
251 7 0.000000000
252 7 0.000000000
253 7 0.165564186
254 7 0.000000000
255 7 0.000000000
256 7 0.091272353
257 7 0.000000000
258 7 0.000000000
259 7 0.129527631
260 7 0.000000000
261 7 0.000000000
262 7 0.091800580
263 7 0.000000000
264 7 0.000000000
265 7 0.133834890
266 7 0.000000000
267 7 0.000000000
268 7 0.103194589
269 7 0.000000000
270 7 0.000000000
271 7 0.144913611
272 7 0.000000000
273 7 0.000000000
274 7 0.102666115
275 7 0.000000000
276 7 0.000000000
277 7 0.152467651
278 7 0.000000000
279 7 0.000000000
280 7 0.108159691
281 7 0.000000000
282 7 0.000000000
283 7 0.155209474
284 7 0.000000000
285 7 0.000000000
286 7 0.139983966
287 7 0.000000000
288 7 0.000000000
289 7 0.196673062
290 7 0.000000000
291 7 0.000000000
292 7 0.142019999
293 7 0.000000000
294 7 0.000000000
295 7 0.204452151
296 7 0.000000000
297 7 0.000000000
298 7 0.142832590
299 7 0.000000000
300 7 0.000000000
301 7 0.209150715
302 7 0.000000000
303 7 0.000000000
304 7 0.140570419
305 7 0.000000000
306 7 0.000000000
307 7 0.188913203
308 7 0.000000000
309 7 0.000000000
310 7 0.141182494
311 7 0.000000000
312 7 0.000000000
313 7 0.191936116
314 7 0.000000000
315 7 0.000000000
316 7 0.113816058
317 7 0.000000000
318 7 0.000000000
319 7 0.160021478
320 7 0.000000000
321 7 0.000000000
322 7 0.112188145
323 7 0.000000000
324 7 0.000000000
325 7 0.163881862
326 7 0.000000000
327 7 0.000000000
328 7 0.114508312
329 7 0.000000000
330 7 0.000000000
331 7 0.162148182
332 7 0.000000000
333 7 0.000000000
334 7 0.116705569
335 7 0.000000000
336 7 0.000000000
337 7 0.181675254
338 7 0.000000000
339 7 0.000000000
340 7 0.135383667
341 7 0.000000000
342 7 0.000000000
343 7 0.185984141
344 7 0.000000000
345 7 0.000000000
346 7 0.110356285
347 7 0.000000000
348 7 0.000000000
349 7 0.150508641
350 7 0.000000000
351 7 0.000000000
352 7 0.100753372
353 7 0.000000000
354 7 0.000000000
355 7 0.149725783
356 7 0.000000000
357 7 0.000000000
358 7 0.110844777
359 7 0.000000000
360 7 0.000000000
361 7 0.149054141
362 7 0.000000000
363 7 0.000000000
364 7 0.127695394
365 7 0.000000000
366 7 0.000000000
367 7 0.200422950
368 7 0.000000000
369 7 0.000000000
370 7 0.110559920
371 7 0.000000000
372 7 0.000000000
373 7 0.177142677
374 7 0.000000000
375 7 0.000000000
376 7 0.127530115
377 7 0.000000000
378 7 0.000000000
379 7 0.182962621
380 7 0.000000000
381 7 0.000000000
382 7 0.153456968
383 7 0.000000000
384 7 0.000000000
385 7 0.208315277
386 7 0.000000000
387 7 0.000000000
388 7 0.152890263
389 7 0.000000000
390 7 0.000000000
391 7 0.206136171
392 7 0.000000000
393 7 0.000000000
394 7 0.119229768
395 7 0.000000000
396 7 0.000000000
397 7 0.186264826
398 7 0.000000000
399 7 0.000000000
400 7 0.092451521
401 7 0.000000000
402 7 0.000000000
403 7 0.131708601
404 7 0.000000000
405 7 0.000000000
406 7 0.135873562
407 7 0.000000000
408 7 0.000000000
409 7 0.202603582
410 7 0.000000000
411 7 0.000000000
412 7 0.094201426
413 7 0.000000000
414 7 0.000000000
415 7 0.137583665
416 7 0.000000000
417 7 0.000000000
418 7 0.116993061
419 7 0.000000000
420 7 0.000000000
421 7 0.163437886
422 7 0.000000000
423 7 0.000000000
424 7 0.116300549
425 7 0.000000000
426 7 0.000000000
427 7 0.163213253
428 7 0.000000000
429 7 0.000000000
430 7 0.122040909
431 7 0.000000000
432 7 0.000000000
433 7 0.175861532
434 7 0.000000000
435 7 0.000000000
436 7 0.092370296
437 7 0.000000000
438 7 0.000000000
439 7 0.134282550
440 7 0.000000000
441 7 0.000000000
442 7 0.096643176
443 7 0.000000000
444 7 0.000000000
445 7 0.142675500
446 7 0.000000000
447 7 0.000000000
448 7 0.094364313
449 7 0.000000000
450 7 0.000000000
451 7 0.137527849
452 7 0.000000000
453 7 0.000000000
454 7 0.141696663
455 7 0.000000000
456 7 0.000000000
457 7 0.211616931
458 7 0.000000000
459 7 0.000000000
460 7 0.148085987
461 7 0.000000000
462 7 0.000000000
463 7 0.215869710
464 7 0.000000000
465 7 0.000000000
466 7 0.098922119
467 7 0.000000000
468 7 0.000000000
469 7 0.146984005
470 7 0.000000000
471 7 0.000000000
472 7 0.134816557
473 7 0.000000000
474 7 0.000000000
475 7 0.206409746
476 7 0.000000000
477 7 0.000000000
478 7 0.147189060
479 7 0.000000000
480 7 0.000000000
481 7 0.209209373
482 7 0.000000000
483 7 0.000000000
484 7 0.105597092
485 7 0.000000000
486 7 0.000000000
487 7 0.146817973
488 7 0.000000000
489 7 0.000000000
490 7 0.129372619
491 7 0.000000000
492 7 0.000000000
493 7 0.175756865
494 7 0.000000000
495 7 0.000000000
496 7 0.139797232
497 7 0.000000000
498 7 0.000000000
499 7 0.191543058
500 7 0.000000000
501 7 0.000000000
502 7 0.110357358
503 7 0.000000000
504 7 0.000000000
505 7 0.166456092
506 7 0.000000000
507 7 0.000000000
508 7 0.118008068
509 7 0.000000000
510 7 0.000000000
511 7 0.174345982
512 7 0.000000000
513 7 0.000000000
514 7 0.130718138
515 7 0.000000000
516 7 0.000000000
517 7 0.176710787
518 7 0.000000000
519 7 0.000000000
520 7 0.118700041
521 7 0.000000000
522 7 0.000000000
523 7 0.177423609
524 7 0.000000000
525 7 0.000000000
526 7 0.133757979
527 7 0.000000000
528 7 0.000000000
529 7 0.201820825
530 7 0.000000000
531 7 0.000000000
532 7 0.120165482
533 7 0.000000000
534 7 0.000000000
535 7 0.183467075
536 7 0.000000000
537 7 0.000000000
538 7 0.154442365
539 7 0.000000000
540 7 0.000000000
541 7 0.211513769
542 7 0.000000000
543 7 0.000000000
544 7 0.094974646
545 7 0.000000000
546 7 0.000000000
547 7 0.139318244
548 7 0.000000000
549 7 0.000000000
550 7 0.150449467
551 7 0.000000000
552 7 0.000000000
553 7 0.213858996
554 7 0.000000000
555 7 0.000000000
556 7 0.109665188
557 7 0.000000000
558 7 0.000000000
559 7 0.163434191
560 7 0.000000000
561 7 0.000000000
562 7 0.112677513
563 7 0.000000000
564 7 0.000000000
565 7 0.168918870
566 7 0.000000000
567 7 0.000000000
568 7 0.119351880
569 7 0.000000000
570 7 0.000000000
571 7 0.182851922
572 7 0.000000000
573 7 0.000000000
574 7 0.141410250
575 7 0.000000000
576 7 0.000000000
577 7 0.190858970
578 7 0.000000000
579 7 0.000000000
580 7 0.147148386
581 7 0.000000000
582 7 0.000000000
583 7 0.194496462
584 7 0.000000000
585 7 0.000000000
586 7 0.123907855
587 7 0.000000000
588 7 0.000000000
589 7 0.170316960
590 7 0.000000000
591 7 0.000000000
592 7 0.131928337
593 7 0.000000000
594 7 0.000000000
595 7 0.178604703
1 8 -0.000025424
2 8 0.000002539
3 8 -0.000009345
4 8 -0.000002006
5 8 0.000005958
6 8 0.000007076
7 8 0.000000000
8 8 730825.308212993
9 8 -6173.337344494
10 8 34905.972158230
11 8 -0.000000892
12 8 -0.000014761
13 8 -0.000003038
14 8 -0.000002646
15 8 -0.000007973
16 8 0.000003208
17 8 0.000002394
18 8 0.000007143
19 8 -0.000002376
1 9 -0.000553351
2 9 0.000055270
3 9 -0.000203394
4 9 -0.000043659
5 9 0.000129676
6 9 0.000154017
7 9 0.000000000
8 9 -6173.337344494
9 9 49833.148672981
10 9 -168194.620758803
11 9 -0.000019415
12 9 -0.000321271
13 9 -0.000066111
14 9 -0.000057591
15 9 -0.000173530
16 9 0.000069811
17 9 0.000052107
18 9 0.000155466
19 9 -0.000051716
1 10 -0.000153676
2 10 0.000015349
3 10 -0.000056486
4 10 -0.000012125
5 10 0.000036013
6 10 0.000042773
7 10 0.135418140
8 10 34905.972158230
9 10 -168194.620758803
10 10 567954.683386504
11 10 -0.000005392
12 10 -0.000089223
13 10 -0.000018360
14 10 -0.000015994
15 10 -0.000048193
16 10 0.000019388
17 10 0.000014471
18 10 0.000043176
19 10 -0.000014362
1 11 0.000035432
2 11 -0.000003539
3 11 0.000013024
4 11 0.000002796
5 11 -0.000008303
6 11 -0.000009862
7 11 0.000000000
8 11 -0.000000892
9 11 -0.000019415
10 11 -0.000005392
11 11 108765.040782519
12 11 -1773.027492364
13 11 5239.539236610
14 11 0.000003688
15 11 0.000011112
16 11 -0.000004470
17 11 -0.000003336
18 11 -0.000009955
19 11 0.000003311
1 12 0.000586319
2 12 -0.000058563
3 12 0.000215512
4 12 0.000046261
5 12 -0.000137402
6 12 -0.000163193
7 12 0.000000000
8 12 -0.000014761
9 12 -0.000321271
10 12 -0.000089223
11 12 -1773.027492364
12 12 8668.705272494
13 12 -26353.803507647
14 12 0.000061022
15 12 0.000183869
16 12 -0.000073970
17 12 -0.000055211
18 12 -0.000164728
19 12 0.000054797
1 13 0.000120652
2 13 -0.000012051
3 13 0.000044348
4 13 0.000009519
5 13 -0.000028274
6 13 -0.000033582
7 13 0.182546503
8 13 -0.000003038
9 13 -0.000066111
10 13 -0.000018360
11 13 5239.539236610
12 13 -26353.803507647
13 13 80119.090337180
14 13 0.000012557
15 13 0.000037836
16 13 -0.000015221
17 13 -0.000011361
18 13 -0.000033897
19 13 0.000011276
1 14 0.000105103
2 14 -0.000010498
3 14 0.000038632
4 14 0.000008293
5 14 -0.000024630
6 14 -0.000029254
7 14 0.000000000
8 14 -0.000002646
9 14 -0.000057591
10 14 -0.000015994
11 14 0.000003688
12 14 0.000061022
13 14 0.000012557
14 14 27569949.208055448
15 14 1206257.154709690
16 14 6924966.547616638
17 14 -0.000009897
18 14 -0.000029529
19 14 0.000009823
1 15 0.000316693
2 15 -0.000031632
3 15 0.000116406
4 15 0.000024987
5 15 -0.000074216
6 15 -0.000088147
7 15 0.000000000
8 15 -0.000007973
9 15 -0.000173530
10 15 -0.000048193
11 15 0.000011112
12 15 0.000183869
13 15 0.000037836
14 15 1206257.154709690
15 15 14627256.666674830
16 15 -16538748.113916446
17 15 -0.000029822
18 15 -0.000088976
19 15 0.000029598
1 16 -0.000127405
2 16 0.000012725
3 16 -0.000046830
4 16 -0.000010052
5 16 0.000029857
6 16 0.000035461
7 16 0.101351002
8 16 0.000003208
9 16 0.000069811
10 16 0.000019388
11 16 -0.000004470
12 16 -0.000073970
13 16 -0.000015221
14 16 6924966.547616638
15 16 -16538748.113916446
16 16 21201088.416403029
17 16 0.000011997
18 16 0.000035795
19 16 -0.000011907
1 17 -0.000095095
2 17 0.000009498
3 17 -0.000034954
4 17 -0.000007503
5 17 0.000022285
6 17 0.000026468
7 17 0.000000000
8 17 0.000002394
9 17 0.000052107
10 17 0.000014471
11 17 -0.000003336
12 17 -0.000055211
13 17 -0.000011361
14 17 -0.000009897
15 17 -0.000029822
16 17 0.000011997
17 17 1998808.634487115
18 17 24430.409878147
19 17 517495.595466581
1 18 -0.000283724
2 18 0.000028339
3 18 -0.000104288
4 18 -0.000022386
5 18 0.000066490
6 18 0.000078970
7 18 0.000000000
8 18 0.000007143
9 18 0.000155466
10 18 0.000043176
11 18 -0.000009955
12 18 -0.000164728
13 18 -0.000033897
14 18 -0.000029529
15 18 -0.000088976
16 18 0.000035795
17 18 24430.409878147
18 18 1085470.121636842
19 18 -1171312.087563091
1 19 0.000094381
2 19 -0.000009427
3 19 0.000034691
4 19 0.000007447
5 19 -0.000022118
6 19 -0.000026269
7 19 0.145800979
8 19 -0.000002376
9 19 -0.000051716
10 19 -0.000014362
11 19 0.000003311
12 19 0.000054797
13 19 0.000011276
14 19 0.000009823
15 19 0.000029598
16 19 -0.000011907
17 19 517495.595466581
18 19 -1171312.087563091
19 19 1411962.490305278
1 20 0.000058047
2 20 0.000001026
3 20 0.000036674
4 20 0.000005035
5 20 -0.000035164
6 20 -0.000006985
7 20 0.000000000
20 20 2647325.039757224
21 20 -357238.149313845
22 20 321600.845520711
23 20 -0.000003996
24 20 0.000010887
25 20 -0.000002888
26 20 -0.000000331
27 20 -0.000024739
28 20 -0.000005519
29 20 0.000001702
30 20 0.000025202
31 20 0.000001164
1 21 -0.000112765
2 21 -0.000001993
3 21 -0.000071246
4 21 -0.000009781
5 21 0.000068312
6 21 0.000013570
7 21 0.000000000
20 21 -357238.149313845
21 21 647660.339146805
22 21 -1049074.695210007
23 21 0.000007762
24 21 -0.000021150
25 21 0.000005611
26 21 0.000000644
27 21 0.000048060
28 21 0.000010721
29 21 -0.000003306
30 21 -0.000048959
31 21 -0.000002261
1 22 -0.000015864
2 22 -0.000000280
3 22 -0.000010023
4 22 -0.000001376
5 22 0.000009611
6 22 0.000001909
7 22 0.137476448
20 22 321600.845520711
21 22 -1049074.695210007
22 22 1726248.771451822
23 22 0.000001092
24 22 -0.000002976
25 22 0.000000789
26 22 0.000000091
27 22 0.000006761
28 22 0.000001508
29 22 -0.000000465
30 22 -0.000006888
31 22 -0.000000318
1 23 -0.000043221
2 23 -0.000000764
3 23 -0.000027308
4 23 -0.000003749
5 23 0.000026183
6 23 0.000005201
7 23 0.000000000
20 23 -0.000003996
21 23 0.000007762
22 23 0.000001092
23 23 357839.903348830
24 23 -52371.901992167
25 23 42113.937137665
26 23 0.000000247
27 23 0.000018421
28 23 0.000004109
29 23 -0.000001267
30 23 -0.000018765
31 23 -0.000000867
1 24 0.000117768
2 24 0.000002082
3 24 0.000074407
4 24 0.000010215
5 24 -0.000071343
6 24 -0.000014172
7 24 0.000000000
20 24 0.000010887
21 24 -0.000021150
22 24 -0.000002976
23 24 -52371.901992167
24 24 89910.130997573
25 24 -137819.890540968
26 24 -0.000000672
27 24 -0.000050192
28 24 -0.000011196
29 24 0.000003453
30 24 0.000051131
31 24 0.000002361
1 25 -0.000031241
2 25 -0.000000552
3 25 -0.000019738
4 25 -0.000002710
5 25 0.000018925
6 25 0.000003759
7 25 0.188017254
20 25 -0.000002888
21 25 0.000005611
22 25 0.000000789
23 25 42113.937137665
24 25 -137819.890540968
25 25 215708.989418681
26 25 0.000000178
27 25 0.000013315
28 25 0.000002970
29 25 -0.000000916
30 25 -0.000013563
31 25 -0.000000626
1 26 -0.000119888
2 26 0.000019805
3 26 -0.000015434
4 26 0.000004491
5 26 0.000046324
6 26 0.000024640
7 26 0.000000000
20 26 -0.000000331
21 26 0.000000644
22 26 0.000000091
23 26 0.000000247
24 26 -0.000000672
25 26 0.000000178
26 26 4177418.780206501
27 26 118584.951697555
28 26 1499175.506133555
29 26 -0.000009475
30 26 -0.000077316
31 26 -0.000022959
32 26 -0.000002817
33 26 -0.000029591
34 26 -0.000004304
35 26 0.000001065
36 26 0.000027576
37 26 0.000009929
1 27 -0.001393392
2 27 0.000187591
3 27 -0.000296545
4 27 0.000023268
5 27 0.000589501
6 27 0.000266534
7 27 0.000000000
20 27 -0.000024739
21 27 0.000048060
22 27 0.000006761
23 27 0.000018421
24 27 -0.000050192
25 27 0.000013315
26 27 118584.951697555
27 27 4076424.675923851
28 27 -3253336.720699468
29 27 -0.000098548
30 27 -0.000849519
31 27 -0.000226905
32 27 -0.000027265
33 27 -0.000286436
34 27 -0.000041659
35 27 0.000010307
36 27 0.000266927
37 27 0.000096110
1 28 -0.000494964
2 28 0.000073303
3 28 -0.000087000
4 28 0.000012793
5 28 0.000201406
6 28 0.000097784
7 28 0.081494098
20 28 -0.000005519
21 28 0.000010721
22 28 0.000001508
23 28 0.000004109
24 28 -0.000011196
25 28 0.000002970
26 28 1499175.506133555
27 28 -3253336.720699468
28 28 3205035.673037326
29 28 -0.000036819
30 28 -0.000309450
31 28 -0.000086852
32 28 -0.000010542
33 28 -0.000110746
34 28 -0.000016107
35 28 0.000003985
36 28 0.000103203
37 28 0.000037159
1 29 0.000161457
2 29 -0.000024112
3 29 0.000027829
4 29 -0.000004309
5 29 -0.000065459
6 29 -0.000031990
7 29 0.000000000
20 29 0.000001702
21 29 -0.000003306
22 29 -0.000000465
23 29 -0.000001267
24 29 0.000003453
25 29 -0.000000916
26 29 -0.000009475
27 29 -0.000098548
28 29 -0.000036819
29 29 57984277.794100240
30 29 -1368289.288068211
31 29 21305064.443531230
32 29 0.000003464
33 29 0.000036396
34 29 0.000005293
35 29 -0.000001310
36 29 -0.000033917
37 29 -0.000012212
1 30 0.001429164
2 30 -0.000192759
3 30 0.000303190
4 30 -0.000024104
5 30 -0.000604212
6 30 -0.000273540
7 30 0.000000000
20 30 0.000025202
21 30 -0.000048959
22 30 -0.000006888
23 30 -0.000018765
24 30 0.000051131
25 30 -0.000013563
26 30 -0.000077316
27 30 -0.000849519
28 30 -0.000309450
29 30 -1368289.288068211
30 30 56671899.991893023
31 30 -43170456.679457515
32 30 0.000028010
33 30 0.000294265
34 30 0.000042798
35 30 -0.000010589
36 30 -0.000274222
37 30 -0.000098736
1 31 0.000361984
2 31 -0.000059465
3 31 0.000047515
4 31 -0.000013333
5 31 -0.000140269
6 31 -0.000074241
7 31 0.117554173
20 31 0.000001164
21 31 -0.000002261
22 31 -0.000000318
23 31 -0.000000867
24 31 0.000002361
25 31 -0.000000626
26 31 -0.000022959
27 31 -0.000226905
28 31 -0.000086852
29 31 21305064.443531230
30 31 -43170456.679457515
31 31 39970488.869229488
32 31 0.000008462
33 31 0.000088897
34 31 0.000012929
35 31 -0.000003199
36 31 -0.000082842
37 31 -0.000029828
1 32 0.000043000
2 32 -0.000007346
3 32 0.000004869
4 32 -0.000001775
5 32 -0.000016324
6 32 -0.000008950
7 32 0.000000000
26 32 -0.000002817
27 32 -0.000027265
28 32 -0.000010542
29 32 0.000003464
30 32 0.000028010
31 32 0.000008462
32 32 35905019.445450164
33 32 928394.510176239
34 32 6733938.478674069
35 32 -0.000000394
36 32 -0.000010195
37 32 -0.000003671
1 33 0.000451744
2 33 -0.000077172
3 33 0.000051150
4 33 -0.000018651
5 33 -0.000171498
6 33 -0.000094030
7 33 0.000000000
26 33 -0.000029591
27 33 -0.000286436
28 33 -0.000110746
29 33 0.000036396
30 33 0.000294265
31 33 0.000088897
32 33 928394.510176239
33 33 12176540.956838561
34 33 -17622848.252209764
35 33 -0.000004136
36 33 -0.000107110
37 33 -0.000038566
1 34 0.000065702
2 34 -0.000011224
3 34 0.000007439
4 34 -0.000002713
5 34 -0.000024943
6 34 -0.000013676
7 34 0.103595145
26 34 -0.000004304
27 34 -0.000041659
28 34 -0.000016107
29 34 0.000005293
30 34 0.000042798
31 34 0.000012929
32 34 6733938.478674069
33 34 -17622848.252209764
34 34 27325983.842232671
35 34 -0.000000602
36 34 -0.000015578
37 34 -0.000005609
1 35 -0.000016256
2 35 0.000002777
3 35 -0.000001841
4 35 0.000000671
5 35 0.000006171
6 35 0.000003384
7 35 0.000000000
26 35 0.000001065
27 35 0.000010307
28 35 0.000003985
29 35 -0.000001310
30 35 -0.000010589
31 35 -0.000003199
32 35 -0.000000394
33 35 -0.000004136
34 35 -0.000000602
35 35 1102913.737120176
36 35 3290.779635027
37 35 213257.090349022
1 36 -0.000420975
2 36 0.000071916
3 36 -0.000047666
4 36 0.000017380
5 36 0.000159817
6 36 0.000087625
7 36 0.000000000
26 36 0.000027576
27 36 0.000266927
28 36 0.000103203
29 36 -0.000033917
30 36 -0.000274222
31 36 -0.000082842
32 36 -0.000010195
33 36 -0.000107110
34 36 -0.000015578
35 36 3290.779635027
36 36 391037.968604725
37 36 -536058.992307007
1 37 -0.000151577
2 37 0.000025894
3 37 -0.000017163
4 37 0.000006258
5 37 0.000057544
6 37 0.000031550
7 37 0.152127286
26 37 0.000009929
27 37 0.000096110
28 37 0.000037159
29 37 -0.000012212
30 37 -0.000098736
31 37 -0.000029828
32 37 -0.000003671
33 37 -0.000038566
34 37 -0.000005609
35 37 213257.090349022
36 37 -536058.992307007
37 37 777861.992938413
7 38 0.000000000
38 38 179581555.007153958
39 38 -32726207.952871583
40 38 27065111.901704855
7 39 0.000000000
38 39 -32726207.952871583
39 39 62309986.944396980
40 39 -82102010.056328565
7 40 0.114548110
38 40 27065111.901704855
39 40 -82102010.056328565
40 40 109768244.422046497
7 41 0.000000000
41 41 1359419.696500916
42 41 -264686.899782106
43 41 200862.537031573
7 42 0.000000000
41 42 -264686.899782106
42 42 481171.158967534
43 42 -599088.435508088
7 43 0.158454515
41 43 200862.537031573
42 43 -599088.435508088
43 43 759546.747918361
1 44 0.000128967
2 44 0.000070937
3 44 0.000248305
4 44 0.000062571
5 44 -0.000100765
6 44 -0.000003712
7 44 0.000000000
44 44 20402118.431124080
45 44 -3524846.643663782
46 44 2816441.793024858
47 44 -0.000065679
48 44 -0.000033335
49 44 -0.000027735
50 44 -0.000007056
51 44 -0.000135285
52 44 -0.000018909
53 44 0.000011004
54 44 0.000136469
55 44 0.000006371
1 45 0.000063940
2 45 0.000035169
3 45 0.000123105
4 45 0.000031022
5 45 -0.000049957
6 45 -0.000001840
7 45 0.000000000
44 45 -3524846.643663782
45 45 6277533.247528994
46 45 -8826915.483053425
47 45 -0.000032563
48 45 -0.000016527
49 45 -0.000013751
50 45 -0.000003498
51 45 -0.000067072
52 45 -0.000009375
53 45 0.000005456
54 45 0.000067659
55 45 0.000003158
1 46 0.000028149
2 46 0.000015483
3 46 0.000054195
4 46 0.000013657
5 46 -0.000021993
6 46 -0.000000810
7 46 0.121684212
44 46 2816441.793024858
45 46 -8826915.483053425
46 46 12660188.615013180
47 46 -0.000014335
48 46 -0.000007276
49 46 -0.000006054
50 46 -0.000001540
51 46 -0.000029527
52 46 -0.000004127
53 46 0.000002402
54 46 0.000029786
55 46 0.000001390
1 47 -0.000121654
2 47 -0.000066915
3 47 -0.000234225
4 47 -0.000059023
5 47 0.000095051
6 47 0.000003502
7 47 0.000000000
44 47 -0.000065679
45 47 -0.000032563
46 47 -0.000014335
47 47 853174.267008091
48 47 -156525.195418771
49 47 114849.575674177
50 47 0.000006656
51 47 0.000127613
52 47 0.000017837
53 47 -0.000010380
54 47 -0.000128731
55 47 -0.000006009
1 48 -0.000061745
2 48 -0.000033962
3 48 -0.000118880
4 48 -0.000029957
5 48 0.000048243
6 48 0.000001777
7 48 0.000000000
44 48 -0.000033335
45 48 -0.000016527
46 48 -0.000007276
47 48 -156525.195418771
48 48 267803.382832444
49 48 -356595.539216157
50 48 0.000003378
51 48 0.000064770
52 48 0.000009053
53 48 -0.000005268
54 48 -0.000065337
55 48 -0.000003050
1 49 -0.000051373
2 49 -0.000028257
3 49 -0.000098910
4 49 -0.000024925
5 49 0.000040138
6 49 0.000001479
7 49 0.167614103
44 49 -0.000027735
45 49 -0.000013751
46 49 -0.000006054
47 49 114849.575674177
48 49 -356595.539216157
49 49 486322.887964408
50 49 0.000002811
51 49 0.000053889
52 49 0.000007532
53 49 -0.000004383
54 49 -0.000054361
55 49 -0.000002538
1 50 -0.000013070
2 50 -0.000007189
3 50 -0.000025163
4 50 -0.000006341
5 50 0.000010212
6 50 0.000000376
7 50 0.000000000
44 50 -0.000007056
45 50 -0.000003498
46 50 -0.000001540
47 50 0.000006656
48 50 0.000003378
49 50 0.000002811
50 50 89583798.705453917
51 50 -14232702.028821971
52 50 13898539.111625940
53 50 -0.000001115
54 50 -0.000013830
55 50 -0.000000646
1 51 -0.000250581
2 51 -0.000137829
3 51 -0.000482450
4 51 -0.000121575
5 51 0.000195783
6 51 0.000007213
7 51 0.000000000
44 51 -0.000135285
45 51 -0.000067072
46 51 -0.000029527
47 51 0.000127613
48 51 0.000064770
49 51 0.000053889
50 51 -14232702.028821971
51 51 30684955.332334716
52 51 -41395405.645161815
53 51 -0.000021381
54 51 -0.000265157
55 51 -0.000012378
1 52 -0.000035024
2 52 -0.000019265
3 52 -0.000067433
4 52 -0.000016993
5 52 0.000027365
6 52 0.000001008
7 52 0.116050215
44 52 -0.000018909
45 52 -0.000009375
46 52 -0.000004127
47 52 0.000017837
48 52 0.000009053
49 52 0.000007532
50 52 13898539.111625940
51 52 -41395405.645161815
52 52 56183057.438950911
53 52 -0.000002988
54 52 -0.000037062
55 52 -0.000001730
1 53 0.000020383
2 53 0.000011211
3 53 0.000039243
4 53 0.000009889
5 53 -0.000015925
6 53 -0.000000587
7 53 0.000000000
44 53 0.000011004
45 53 0.000005456
46 53 0.000002402
47 53 -0.000010380
48 53 -0.000005268
49 53 -0.000004383
50 53 -0.000001115
51 53 -0.000021381
52 53 -0.000002988
53 53 1165890.170710533
54 53 -201339.465666112
55 53 178203.920121447
1 54 0.000252775
2 54 0.000139036
3 54 0.000486676
4 54 0.000122640
5 54 -0.000197498
6 54 -0.000007276
7 54 0.000000000
44 54 0.000136469
45 54 0.000067659
46 54 0.000029786
47 54 -0.000128731
48 54 -0.000065337
49 54 -0.000054361
50 54 -0.000013830
51 54 -0.000265157
52 54 -0.000037062
53 54 -201339.465666112
54 54 408151.733557060
55 54 -520429.958343675
1 55 0.000011800
2 55 0.000006490
3 55 0.000022719
4 55 0.000005725
5 55 -0.000009220
6 55 -0.000000340
7 55 0.160901107
44 55 0.000006371
45 55 0.000003158
46 55 0.000001390
47 55 -0.000006009
48 55 -0.000003050
49 55 -0.000002538
50 55 -0.000000646
51 55 -0.000012378
52 55 -0.000001730
53 55 178203.920121447
54 55 -520429.958343675
55 55 669375.781259131
1 56 0.000492636
2 56 -0.000038956
3 56 0.000202410
4 56 0.000057915
5 56 -0.000079043
6 56 -0.000156169
7 56 0.000000000
56 56 4177271.503180963
57 56 557400.514659981
58 56 584909.003464299
59 56 -0.000155370
60 56 -0.000067386
61 56 0.000032389
62 56 -0.000101035
63 56 -0.000166108
64 56 -0.000111643
65 56 0.000104614
66 56 0.000185786
67 56 0.000099505
1 57 0.000269840
2 57 -0.000021338
3 57 0.000110869
4 57 0.000031723
5 57 -0.000043296
6 57 -0.000085541
7 57 0.000000000
56 57 557400.514659981
57 57 864922.871020315
58 57 -1588142.449601457
59 57 -0.000085104
60 57 -0.000036910
61 57 0.000017741
62 57 -0.000055342
63 57 -0.000090985
64 57 -0.000061152
65 57 0.000057302
66 57 0.000101764
67 57 0.000054504
1 58 -0.000138001
2 58 0.000010913
3 58 -0.000056701
4 58 -0.000016224
5 58 0.000022142
6 58 0.000043747
7 58 0.124460991
56 58 584909.003464299
57 58 -1588142.449601457
58 58 3593642.567611629
59 58 0.000043524
60 58 0.000018877
61 58 -0.000009073
62 58 0.000028303
63 58 0.000046531
64 58 0.000031274
65 58 -0.000029305
66 58 -0.000052044
67 58 -0.000027874
1 59 -0.000481543
2 59 0.000038079
3 59 -0.000197852
4 59 -0.000056611
5 59 0.000077263
6 59 0.000152652
7 59 0.000000000
56 59 -0.000155370
57 59 -0.000085104
58 59 0.000043524
59 59 260229.029719101
60 59 29964.497123379
61 59 38566.563214590
62 59 0.000098760
63 59 0.000162367
64 59 0.000109129
65 59 -0.000102259
66 59 -0.000181602
67 59 -0.000097264
1 60 -0.000208851
2 60 0.000016515
3 60 -0.000085811
4 60 -0.000024553
5 60 0.000033510
6 60 0.000066207
7 60 0.000000000
56 60 -0.000067386
57 60 -0.000036910
58 60 0.000018877
59 60 29964.497123379
60 60 57958.965095576
61 60 -101483.861296071
62 60 0.000042833
63 60 0.000070420
64 60 0.000047330
65 60 -0.000044351
66 60 -0.000078763
67 60 -0.000042185
1 61 0.000100383
2 61 -0.000007938
3 61 0.000041244
4 61 0.000011801
5 61 -0.000016106
6 61 -0.000031822
7 61 0.170333281
56 61 0.000032389
57 61 0.000017741
58 61 -0.000009073
59 61 38566.563214590
60 61 -101483.861296071
61 61 211555.459210859
62 61 -0.000020588
63 61 -0.000033847
64 61 -0.000022749
65 61 0.000021317
66 61 0.000037857
67 61 0.000020276
1 62 -0.000313140
2 62 0.000024762
3 62 -0.000128660
4 62 -0.000036813
5 62 0.000050243
6 62 0.000099267
7 62 0.000000000
56 62 -0.000101035
57 62 -0.000055342
58 62 0.000028303
59 62 0.000098760
60 62 0.000042833
61 62 -0.000020588
62 62 1097824.014397788
63 62 -34242.216882617
64 62 101564.603191285
65 62 -0.000066497
66 62 -0.000118093
67 62 -0.000063250
1 63 -0.000514821
2 63 0.000040710
3 63 -0.000211525
4 63 -0.000060523
5 63 0.000082603
6 63 0.000163202
7 63 0.000000000
56 63 -0.000166108
57 63 -0.000090985
58 63 0.000046531
59 63 0.000162367
60 63 0.000070420
61 63 -0.000033847
62 63 -34242.216882617
63 63 154912.253298518
64 63 -354780.856535173
65 63 -0.000109325
66 63 -0.000194152
67 63 -0.000103986
1 64 -0.000346017
2 64 0.000027362
3 64 -0.000142168
4 64 -0.000040678
5 64 0.000055518
6 64 0.000109690
7 64 0.139891610
56 64 -0.000111643
57 64 -0.000061152
58 64 0.000031274
59 64 0.000109129
60 64 0.000047330
61 64 -0.000022749
62 64 101564.603191285
63 64 -354780.856535173
64 64 813012.553681578
65 64 -0.000073479
66 64 -0.000130492
67 64 -0.000069890
1 65 0.000324233
2 65 -0.000025639
3 65 0.000133218
4 65 0.000038117
5 65 -0.000052023
6 65 -0.000102784
7 65 0.000000000
56 65 0.000104614
57 65 0.000057302
58 65 -0.000029305
59 65 -0.000102259
60 65 -0.000044351
61 65 0.000021317
62 65 -0.000066497
63 65 -0.000109325
64 65 -0.000073479
65 65 172253.412354142
66 65 -7068.995259249
67 65 15912.374189757
1 66 0.000575810
2 66 -0.000045533
3 66 0.000236583
4 66 0.000067693
5 66 -0.000092389
6 66 -0.000182536
7 66 0.000000000
56 66 0.000185786
57 66 0.000101764
58 66 -0.000052044
59 66 -0.000181602
60 66 -0.000078763
61 66 0.000037857
62 66 -0.000118093
63 66 -0.000194152
64 66 -0.000130492
65 66 -7068.995259249
66 66 26187.470253304
67 66 -56045.163252810
1 67 0.000308398
2 67 -0.000024387
3 67 0.000126712
4 67 0.000036256
5 67 -0.000049482
6 67 -0.000097764
7 67 0.190182205
56 67 0.000099505
57 67 0.000054504
58 67 -0.000027874
59 67 -0.000097264
60 67 -0.000042185
61 67 0.000020276
62 67 -0.000063250
63 67 -0.000103986
64 67 -0.000069890
65 67 15912.374189757
66 67 -56045.163252810
67 67 119949.058748280
7 68 0.000000000
68 68 12769043.897187915
69 68 2548111.596415682
70 68 1886672.937159967
7 69 0.000000000
68 69 2548111.596415682
69 69 2896759.007792168
70 69 -4842618.209013660
7 70 0.117848483
68 70 1886672.937159967
69 70 -4842618.209013660
70 70 11684123.058580233
7 71 0.000000000
71 71 322924.771034053
72 71 57782.013655575
73 71 51592.911021478
7 72 0.000000000
71 72 57782.013655575
72 72 79104.330917048
73 72 -127523.904148142
7 73 0.159969740
71 73 51592.911021478
72 73 -127523.904148142
73 73 280213.466903388
7 74 0.000000000
74 74 55115002.528411202
75 74 14454682.343645636
76 74 30496921.705911990
7 75 0.000000000
74 75 14454682.343645636
75 75 107969452.051351219
76 75 -56107101.591018707
7 76 0.103397330
74 76 30496921.705911990
75 76 -56107101.591018707
76 76 56321610.270285763
7 77 0.000000000
77 77 2423196.936216381
78 77 432477.808386475
79 77 1386491.762845997
7 78 0.000000000
77 78 432477.808386475
78 78 4632200.730863061
79 78 -2334256.651681338
7 79 0.144912735
77 79 1386491.762845997
78 79 -2334256.651681338
79 79 2256587.187451336
7 80 0.000000000
80 80 20011.406535256
81 80 5492.145106889
82 80 -1361.881355156
7 81 0.000000000
80 81 5492.145106889
81 81 1720.374065727
82 81 1789.989140985
7 82 0.152464495
80 82 -1361.881355156
81 82 1789.989140985
82 82 22072.068056307
7 83 0.000000000
83 83 2303.892686097
84 83 629.686583859
85 83 -161.003158882
7 84 0.000000000
83 84 629.686583859
84 84 185.833591485
85 84 141.363815567
7 85 0.203430832
83 85 -161.003158882
84 85 141.363815567
85 85 2520.836346998
7 86 0.000000000
86 86 2214108.307383522
87 86 -187190.516345304
88 86 210445.702007248
7 87 0.000000000
86 87 -187190.516345304
87 87 365170.524516616
88 87 -747795.488818683
7 88 0.134002685
86 88 210445.702007248
87 88 -747795.488818683
88 88 1545445.038308162
7 89 0.000000000
89 89 191456.652520063
90 89 -18080.859184216
91 89 17991.545142715
7 90 0.000000000
89 90 -18080.859184216
90 90 33803.275086996
91 90 -64550.544047531
7 91 0.181902561
89 91 17991.545142715
90 91 -64550.544047531
91 91 124769.728364353
7 92 0.000000000
92 92 3452387.682213594
93 92 2037588.611570304
94 92 1299431.177995432
7 93 0.000000000
92 93 2037588.611570304
93 93 3705338.830922496
94 93 -2331139.115216623
7 94 0.126594199
92 94 1299431.177995432
93 94 -2331139.115216623
94 94 4324042.832037529
7 95 0.000000000
95 95 96098.874973486
96 95 52361.004488031
97 95 39451.919284527
7 96 0.000000000
95 96 52361.004488031
96 96 104625.939242748
97 96 -65517.174929102
7 97 0.193537530
95 97 39451.919284527
