# name: debug
# type: sparse matrix
# nnz: 4147
# rows: 595
# columns: 595

1 1 0.040951804
2 1 -0.000382426
3 1 0.002056192
4 1 0.000356232
5 1 -0.001722694
6 1 -0.001217102
8 1 -0.000025424
9 1 -0.000553351
10 1 -0.000153676
11 1 0.000035432
12 1 0.000586319
13 1 0.000120652
14 1 0.000105103
15 1 0.000316693
16 1 -0.000127405
17 1 -0.000095095
18 1 -0.000283724
19 1 0.000094381
20 1 0.000058047
21 1 -0.000112765
22 1 -0.000015864
23 1 -0.000043221
24 1 0.000117768
25 1 -0.000031241
26 1 -0.000119888
27 1 -0.001393392
28 1 -0.000494964
29 1 0.000161457
30 1 0.001429164
31 1 0.000361984
32 1 0.000043000
33 1 0.000451744
34 1 0.000065702
35 1 -0.000016256
36 1 -0.000420975
37 1 -0.000151577
44 1 0.000128967
45 1 0.000063940
46 1 0.000028149
47 1 -0.000121654
48 1 -0.000061745
49 1 -0.000051373
50 1 -0.000013070
51 1 -0.000250581
52 1 -0.000035024
53 1 0.000020383
54 1 0.000252775
55 1 0.000011800
56 1 0.000492636
57 1 0.000269840
58 1 -0.000138001
59 1 -0.000481543
60 1 -0.000208851
61 1 0.000100383
62 1 -0.000313140
63 1 -0.000514821
64 1 -0.000346017
65 1 0.000324233
66 1 0.000575810
67 1 0.000308398
1 2 -0.000382426
2 2 0.035916731
3 2 0.000138960
4 2 0.000055081
5 2 0.000048776
6 2 0.000124366
8 2 0.000002539
9 2 0.000055270
10 2 0.000015349
11 2 -0.000003539
12 2 -0.000058563
13 2 -0.000012051
14 2 -0.000010498
15 2 -0.000031632
16 2 0.000012725
17 2 0.000009498
18 2 0.000028339
19 2 -0.000009427
20 2 0.000001026
21 2 -0.000001993
22 2 -0.000000280
23 2 -0.000000764
24 2 0.000002082
25 2 -0.000000552
26 2 0.000019805
27 2 0.000187591
28 2 0.000073303
29 2 -0.000024112
30 2 -0.000192759
31 2 -0.000059465
32 2 -0.000007346
33 2 -0.000077172
34 2 -0.000011224
35 2 0.000002777
36 2 0.000071916
37 2 0.000025894
44 2 0.000070937
45 2 0.000035169
46 2 0.000015483
47 2 -0.000066915
48 2 -0.000033962
49 2 -0.000028257
50 2 -0.000007189
51 2 -0.000137829
52 2 -0.000019265
53 2 0.000011211
54 2 0.000139036
55 2 0.000006490
56 2 -0.000038956
57 2 -0.000021338
58 2 0.000010913
59 2 0.000038079
60 2 0.000016515
61 2 -0.000007938
62 2 0.000024762
63 2 0.000040710
64 2 0.000027362
65 2 -0.000025639
66 2 -0.000045533
67 2 -0.000024387
1 3 0.002056192
2 3 0.000138960
3 3 0.037325925
4 3 0.000352288
5 3 -0.000863630
6 3 -0.000405007
8 3 -0.000009345
9 3 -0.000203394
10 3 -0.000056486
11 3 0.000013024
12 3 0.000215512
13 3 0.000044348
14 3 0.000038632
15 3 0.000116406
16 3 -0.000046830
17 3 -0.000034954
18 3 -0.000104288
19 3 0.000034691
20 3 0.000036674
21 3 -0.000071246
22 3 -0.000010023
23 3 -0.000027308
24 3 0.000074407
25 3 -0.000019738
26 3 -0.000015434
27 3 -0.000296545
28 3 -0.000087000
29 3 0.000027829
30 3 0.000303190
31 3 0.000047515
32 3 0.000004869
33 3 0.000051150
34 3 0.000007439
35 3 -0.000001841
36 3 -0.000047666
37 3 -0.000017163
44 3 0.000248305
45 3 0.000123105
46 3 0.000054195
47 3 -0.000234225
48 3 -0.000118880
49 3 -0.000098910
50 3 -0.000025163
51 3 -0.000482450
52 3 -0.000067433
53 3 0.000039243
54 3 0.000486676
55 3 0.000022719
56 3 0.000202410
57 3 0.000110869
58 3 -0.000056701
59 3 -0.000197852
60 3 -0.000085811
61 3 0.000041244
62 3 -0.000128660
63 3 -0.000211525
64 3 -0.000142168
65 3 0.000133218
66 3 0.000236583
67 3 0.000126712
1 4 0.000356232
2 4 0.000055081
3 4 0.000352288
4 4 0.035864195
5 4 -0.000143190
6 4 -0.000073711
8 4 -0.000002006
9 4 -0.000043659
10 4 -0.000012125
11 4 0.000002796
12 4 0.000046261
13 4 0.000009519
14 4 0.000008293
15 4 0.000024987
16 4 -0.000010052
17 4 -0.000007503
18 4 -0.000022386
19 4 0.000007447
20 4 0.000005035
21 4 -0.000009781
22 4 -0.000001376
23 4 -0.000003749
24 4 0.000010215
25 4 -0.000002710
26 4 0.000004491
27 4 0.000023268
28 4 0.000012793
29 4 -0.000004309
30 4 -0.000024104
31 4 -0.000013333
32 4 -0.000001775
33 4 -0.000018651
34 4 -0.000002713
35 4 0.000000671
36 4 0.000017380
37 4 0.000006258
44 4 0.000062571
45 4 0.000031022
46 4 0.000013657
47 4 -0.000059023
48 4 -0.000029957
49 4 -0.000024925
50 4 -0.000006341
51 4 -0.000121575
52 4 -0.000016993
53 4 0.000009889
54 4 0.000122640
55 4 0.000005725
56 4 0.000057915
57 4 0.000031723
58 4 -0.000016224
59 4 -0.000056611
60 4 -0.000024553
61 4 0.000011801
62 4 -0.000036813
63 4 -0.000060523
64 4 -0.000040678
65 4 0.000038117
66 4 0.000067693
67 4 0.000036256
1 5 -0.001722694
2 5 0.000048776
3 5 -0.000863630
4 5 -0.000143190
5 5 0.036499734
6 5 0.000334977
8 5 0.000005958
9 5 0.000129676
10 5 0.000036013
11 5 -0.000008303
12 5 -0.000137402
13 5 -0.000028274
14 5 -0.000024630
15 5 -0.000074216
16 5 0.000029857
17 5 0.000022285
18 5 0.000066490
19 5 -0.000022118
20 5 -0.000035164
21 5 0.000068312
22 5 0.000009611
23 5 0.000026183
24 5 -0.000071343
25 5 0.000018925
26 5 0.000046324
27 5 0.000589501
28 5 0.000201406
29 5 -0.000065459
30 5 -0.000604212
31 5 -0.000140269
32 5 -0.000016324
33 5 -0.000171498
34 5 -0.000024943
35 5 0.000006171
36 5 0.000159817
37 5 0.000057544
44 5 -0.000100765
45 5 -0.000049957
46 5 -0.000021993
47 5 0.000095051
48 5 0.000048243
49 5 0.000040138
50 5 0.000010212
51 5 0.000195783
52 5 0.000027365
53 5 -0.000015925
54 5 -0.000197498
55 5 -0.000009220
56 5 -0.000079043
57 5 -0.000043296
58 5 0.000022142
59 5 0.000077263
60 5 0.000033510
61 5 -0.000016106
62 5 0.000050243
63 5 0.000082603
64 5 0.000055518
65 5 -0.000052023
66 5 -0.000092389
67 5 -0.000049482
1 6 -0.001217102
2 6 0.000124366
3 6 -0.000405007
4 6 -0.000073711
5 6 0.000334977
6 6 0.036090713
8 6 0.000007076
9 6 0.000154017
10 6 0.000042773
11 6 -0.000009862
12 6 -0.000163193
13 6 -0.000033582
14 6 -0.000029254
15 6 -0.000088147
16 6 0.000035461
17 6 0.000026468
18 6 0.000078970
19 6 -0.000026269
20 6 -0.000006985
21 6 0.000013570
22 6 0.000001909
23 6 0.000005201
24 6 -0.000014172
25 6 0.000003759
26 6 0.000024640
27 6 0.000266534
28 6 0.000097784
29 6 -0.000031990
30 6 -0.000273540
31 6 -0.000074241
32 6 -0.000008950
33 6 -0.000094030
34 6 -0.000013676
35 6 0.000003384
36 6 0.000087625
37 6 0.000031550
44 6 -0.000003712
45 6 -0.000001840
46 6 -0.000000810
47 6 0.000003502
48 6 0.000001777
49 6 0.000001479
50 6 0.000000376
51 6 0.000007213
52 6 0.000001008
53 6 -0.000000587
54 6 -0.000007276
55 6 -0.000000340
56 6 -0.000156169
57 6 -0.000085541
58 6 0.000043747
59 6 0.000152652
60 6 0.000066207
61 6 -0.000031822
62 6 0.000099267
63 6 0.000163202
64 6 0.000109690
65 6 -0.000102784
66 6 -0.000182536
67 6 -0.000097764
7 7 46.998787136
8 7 0.000000000
9 7 0.000000000
10 7 0.135418140
11 7 0.000000000
12 7 0.000000000
13 7 0.182546503
14 7 0.000000000
15 7 0.000000000
16 7 0.101351002
17 7 0.000000000
18 7 0.000000000
19 7 0.145800979
20 7 0.000000000
21 7 0.000000000
22 7 0.137476448
23 7 0.000000000
24 7 0.000000000
25 7 0.188017254
26 7 0.000000000
27 7 0.000000000
28 7 0.081494098
29 7 0.000000000
30 7 0.000000000
31 7 0.117554173
32 7 0.000000000
33 7 0.000000000
34 7 0.103595145
35 7 0.000000000
36 7 0.000000000
37 7 0.152127286
38 7 0.000000000
39 7 0.000000000
40 7 0.114548110
41 7 0.000000000
42 7 0.000000000
43 7 0.158454515
44 7 0.000000000
45 7 0.000000000
46 7 0.121684212
47 7 0.000000000
48 7 0.000000000
49 7 0.167614103
50 7 0.000000000
51 7 0.000000000
52 7 0.116050215
53 7 0.000000000
54 7 0.000000000
55 7 0.160901107
56 7 0.000000000
57 7 0.000000000
58 7 0.124460991
59 7 0.000000000
60 7 0.000000000
61 7 0.170333281
62 7 0.000000000
63 7 0.000000000
64 7 0.139891610
65 7 0.000000000
66 7 0.000000000
67 7 0.190182205
68 7 0.000000000
69 7 0.000000000
70 7 0.117848483
71 7 0.000000000
72 7 0.000000000
73 7 0.159969740
74 7 0.000000000
75 7 0.000000000
76 7 0.103397330
77 7 0.000000000
78 7 0.000000000
79 7 0.144912735
80 7 0.000000000
81 7 0.000000000
82 7 0.152464495
83 7 0.000000000
84 7 0.000000000
85 7 0.203430832
86 7 0.000000000
87 7 0.000000000
88 7 0.134002685
89 7 0.000000000
90 7 0.000000000
91 7 0.181902561
92 7 0.000000000
93 7 0.000000000
94 7 0.126594199
95 7 0.000000000
96 7 0.000000000
97 7 0.193537530
98 7 0.000000000
99 7 0.000000000
100 7 0.132047258
101 7 0.000000000
102 7 0.000000000
103 7 0.193481905
104 7 0.000000000
